# id	file_path	transparent_color_r	g	b
[TEXTURES]
0	textures\mario.png	255	255	255
10	textures\cars.png	255	0	255
20	textures\misc.png	176	224	248
30	textures\map.png	255	0	0
40	textures\area2.png	255	0	255

# id	left	top	right	bottom	texture_id
[SPRITES]
#CAR
#walk-right
10001	146	30	172	48	10
10002	178	5	204	23	10
10003	210	30	237	48	10
10004	242	5	268	23	10

#walk-left
10009	109	30	135	48	10
10010	77	5	103	23	10
10011	45	30	71	48	10
10012	13	5	39	23	10

#idle-up-left-1
10020	109	179	135	213	10
10021	109	213	135	246	10
10022	109	246	135	280	10
10023	105	283	135	317	10
#idle-up-left-2
10024	79	179	105	213	10
10025	79	213	105	246	10
10026	79	246	105	280	10
10027	75	283	105	317	10
#idle-up-left-3
10028	46	179	73	213	10
10029	46	213	73	246	10
10030	46	246	73	280	10
10031	42	283	73	317	10
#idle-up-left-4
10032	12	179	39	213	10
10033	12	213	39	246	10
10034	12	246	39	280	10
10035	8	283	39	317	10
#idle-up-right-1
10036	146	179	171	213	10
10037	146	213	171	246	10
10038	146	246	171	280	10
10039	146	283	173	317	10
#idle-up-right-2
10040	176	179	201	213	10
10041	176	213	201	246	10
10042	176	246	201	280	10
10043	176	283	202	317	10
#idle-up-right-3
10044	209	179	234	213	10
10045	209	213	234	246	10
10046	209	246	234	280	10
10047	209	283	235	317	10
#idle-up-right-4
10048	243	179	268	213	10
10049	243	213	268	246	10
10050	243	246	268	280	10
10051	243	283	269	317	10

#walk-up-left
10060	146	283	172	317	10
10061	176	283	203	317	10
10062	207	283	233	317	10
10063	242	283	268	317	10
#walk-up-right
10065	109	283	135	317	10
10066	79	283	105	317	10
10067	48	283	74	317	10
10068	13	283	39	317	10
#Jump-up-right
10070	146	51	172	72	10
10071	146	27	172	48	10
10072	146	2	172	23	10
10073	146	130	172	151	10
#Jump-up-left
10080	109	51	135	72	10
10081	109	27	135	48	10
10082	109	2	135	23	10
10083	109	130	135	151	10
#die
20000	148	320	193	360	10

#QUESTION BRICK
40001	300	117	316	133	20
40002	318	117	334	133	20
40003	336	117	352	133	20
40004	355	117	370	133	20
40005	408	225	424	241	20

# ani_id	sprite1_id	time1	sprite2_id	time2	...
[ANIMATIONS]
# ==== CAR =========

#idle right 
400	10001	100
#idle left 
404	10009	100
#walk right 
500	10001	100	10002	100	10003	100	10004	100
#walk left 
501	10009	100	10010	100	10011	100	10012	100

#idle up right 1
510	10036	100	10037	100	10038	100	10039	100
#idle up right 2
511	10040	100	10041	100	10042	100	10043	100
#idle up right 3
512	10044	100	10045	100	10046	100	10047	100
#idle up right 4
513	10048	100	10049	100	10050	100	10051	100
#idle up left 1
520	10020	100	10021	100	10022	100	10023	100
#idle up left 2
521	10024	100	10025	100	10026	100	10027	100
#idle up left 3
522	10028	100	10029	100	10030	100	10031	100
#idle up left 4
523	10032	100	10033	100	10034	100	10035	100
#walk up left
530	10060	30	10061	30	10062	30	10063	30
#walk up right
540	10065	30	10066	30	10067	30	10068	30

#jump-up-right
560	10070	100	10072	100	10073	100
#jump-up-left
570	10080	100	10082	100	10083	100
#die
599	20000	100

# ==== QUESTION BRICK =========
602	40001	1000	40001	100	40002	100	40003	100	40004	100

603	40005	100

#
# id	ani1	ani2	ani3
#
[ANIMATION_SETS]
# CAR
5	400	404	500	501	510	511	512	513	520	521	522	523	530	540	560	570	599
# QUESTION BRICK 
22	603

[OBJECTS]
# type	x	y	ani_set_id	extra_settings per object type
# type: 0 = Mario , 1 = Brick, 2 = Goomba, 3 = Koopas, 5 = car
# CAR
5	17	100	5

# BRICK 
1	-135	149	22	316	16
1	-25	15	22	35	60
1	200	149	22	100	16
#1	-35	150	22

# --- SCENE PORTAL ----
# type	l	t	ani_set_id	r	b	scene_id
#50	115	98	0	148	150	1

